method,seed,epoch,train_loss,test_loss,test_accuracy,best_accuracy,accuracy_auc,noise_multiplier,epsilon,accountant_steps,logical_steps,samples,clip_fraction,mean_clip_factor,transformed_norm_p50,transformed_norm_p90,transformed_norm_p99,transformed_norm_max,builder_seconds,private_train_seconds,algorithm_seconds,logical_steps_per_second,samples_per_second,preconditioner_build_seconds,logical_batch_size,physical_batch_size,accumulation_steps,backward_calls,optimizer_steps,noise_events,bk_cache_bytes,temporary_per_sample_grad_bytes,fallback_temporary_grad_bytes,cache_empty_after_step,layer_strategies,parameters_finite,all_parameters_updated,parameters_updated,preconditioned_layers,identity_geometry_layers,cuda_peak_allocated_bytes,cuda_peak_reserved_bytes,builder_forward_calls,builder_logical_batches,builder_vjp_calls,builder_reverse_vectors,builder_samples,operator_state_bytes,m_p,m_reference,scale_match,operator_gain_p10,operator_gain_p50,operator_gain_p90,operator_gain_p99,transformed_eig_p10,transformed_eig_p50,transformed_eig_p90,transformed_eig_p99,transformed_condition_proxy,group_norm_identity,group_norm_attention_qkv,group_norm_attention_out,group_norm_mlp,group_norm_patch_head,layer_norm_patch_embed,layer_norm_blocks_0_attn_q_proj,layer_norm_blocks_0_attn_k_proj,layer_norm_blocks_0_attn_v_proj,layer_norm_blocks_0_attn_out_proj,layer_norm_blocks_0_mlp_fc1,layer_norm_blocks_0_mlp_fc2,layer_norm_blocks_1_attn_q_proj,layer_norm_blocks_1_attn_k_proj,layer_norm_blocks_1_attn_v_proj,layer_norm_blocks_1_attn_out_proj,layer_norm_blocks_1_mlp_fc1,layer_norm_blocks_1_mlp_fc2,layer_norm_blocks_2_attn_q_proj,layer_norm_blocks_2_attn_k_proj,layer_norm_blocks_2_attn_v_proj,layer_norm_blocks_2_attn_out_proj,layer_norm_blocks_2_mlp_fc1,layer_norm_blocks_2_mlp_fc2,layer_norm_blocks_3_attn_q_proj,layer_norm_blocks_3_attn_k_proj,layer_norm_blocks_3_attn_v_proj,layer_norm_blocks_3_attn_out_proj,layer_norm_blocks_3_mlp_fc1,layer_norm_blocks_3_mlp_fc2,layer_norm_blocks_4_attn_q_proj,layer_norm_blocks_4_attn_k_proj,layer_norm_blocks_4_attn_v_proj,layer_norm_blocks_4_attn_out_proj,layer_norm_blocks_4_mlp_fc1,layer_norm_blocks_4_mlp_fc2,layer_norm_blocks_5_attn_q_proj,layer_norm_blocks_5_attn_k_proj,layer_norm_blocks_5_attn_v_proj,layer_norm_blocks_5_attn_out_proj,layer_norm_blocks_5_mlp_fc1,layer_norm_blocks_5_mlp_fc2,layer_norm_blocks_6_attn_q_proj,layer_norm_blocks_6_attn_k_proj,layer_norm_blocks_6_attn_v_proj,layer_norm_blocks_6_attn_out_proj,layer_norm_blocks_6_mlp_fc1,layer_norm_blocks_6_mlp_fc2,layer_norm_blocks_7_attn_q_proj,layer_norm_blocks_7_attn_k_proj,layer_norm_blocks_7_attn_v_proj,layer_norm_blocks_7_attn_out_proj,layer_norm_blocks_7_mlp_fc1,layer_norm_blocks_7_mlp_fc2,layer_norm_blocks_8_attn_q_proj,layer_norm_blocks_8_attn_k_proj,layer_norm_blocks_8_attn_v_proj,layer_norm_blocks_8_attn_out_proj,layer_norm_blocks_8_mlp_fc1,layer_norm_blocks_8_mlp_fc2,layer_norm_blocks_9_attn_q_proj,layer_norm_blocks_9_attn_k_proj,layer_norm_blocks_9_attn_v_proj,layer_norm_blocks_9_attn_out_proj,layer_norm_blocks_9_mlp_fc1,layer_norm_blocks_9_mlp_fc2,layer_norm_blocks_10_attn_q_proj,layer_norm_blocks_10_attn_k_proj,layer_norm_blocks_10_attn_v_proj,layer_norm_blocks_10_attn_out_proj,layer_norm_blocks_10_mlp_fc1,layer_norm_blocks_10_mlp_fc2,layer_norm_blocks_11_attn_q_proj,layer_norm_blocks_11_attn_k_proj,layer_norm_blocks_11_attn_v_proj,layer_norm_blocks_11_attn_out_proj,layer_norm_blocks_11_mlp_fc1,layer_norm_blocks_11_mlp_fc2,layer_norm_head,layer_norm_blocks_0_norm1,layer_norm_blocks_0_norm2,layer_norm_blocks_1_norm1,layer_norm_blocks_1_norm2,layer_norm_blocks_2_norm1,layer_norm_blocks_2_norm2,layer_norm_blocks_3_norm1,layer_norm_blocks_3_norm2,layer_norm_blocks_4_norm1,layer_norm_blocks_4_norm2,layer_norm_blocks_5_norm1,layer_norm_blocks_5_norm2,layer_norm_blocks_6_norm1,layer_norm_blocks_6_norm2,layer_norm_blocks_7_norm1,layer_norm_blocks_7_norm2,layer_norm_blocks_8_norm1,layer_norm_blocks_8_norm2,layer_norm_blocks_9_norm1,layer_norm_blocks_9_norm2,layer_norm_blocks_10_norm1,layer_norm_blocks_10_norm2,layer_norm_blocks_11_norm1,layer_norm_blocks_11_norm2,layer_norm_norm,layer_norm_pos_embed,layer_norm_cls_token
dp_kfc_a_bk,3407,1,1.627605420198196,0.6563455623626709,0.7934,0.7934,0.0,0.72021484375,2.3316823563394795,195,195,49920,0.9896835088729858,0.029268451035022736,821.7138671875,1498.90625,2032.5640869140625,4262.62744140625,2.8229414094239473,222.18781252019107,225.01075392961502,0.8776358963535842,224.67478946651755,2.8229414094239473,256,128,2,390,195,195,5351959552,78056448,0,True,"{'patch_embed': 'bk_ghost', 'blocks.0.attn.q_proj': 'bk_ghost', 'blocks.0.attn.k_proj': 'bk_ghost', 'blocks.0.attn.v_proj': 'bk_ghost', 'blocks.0.attn.out_proj': 'bk_ghost', 'blocks.0.mlp.fc1': 'bk_ghost', 'blocks.0.mlp.fc2': 'bk_ghost', 'blocks.1.attn.q_proj': 'bk_ghost', 'blocks.1.attn.k_proj': 'bk_ghost', 'blocks.1.attn.v_proj': 'bk_ghost', 'blocks.1.attn.out_proj': 'bk_ghost', 'blocks.1.mlp.fc1': 'bk_ghost', 'blocks.1.mlp.fc2': 'bk_ghost', 'blocks.2.attn.q_proj': 'bk_ghost', 'blocks.2.attn.k_proj': 'bk_ghost', 'blocks.2.attn.v_proj': 'bk_ghost', 'blocks.2.attn.out_proj': 'bk_ghost', 'blocks.2.mlp.fc1': 'bk_ghost', 'blocks.2.mlp.fc2': 'bk_ghost', 'blocks.3.attn.q_proj': 'bk_ghost', 'blocks.3.attn.k_proj': 'bk_ghost', 'blocks.3.attn.v_proj': 'bk_ghost', 'blocks.3.attn.out_proj': 'bk_ghost', 'blocks.3.mlp.fc1': 'bk_ghost', 'blocks.3.mlp.fc2': 'bk_ghost', 'blocks.4.attn.q_proj': 'bk_ghost', 'blocks.4.attn.k_proj': 'bk_ghost', 'blocks.4.attn.v_proj': 'bk_ghost', 'blocks.4.attn.out_proj': 'bk_ghost', 'blocks.4.mlp.fc1': 'bk_ghost', 'blocks.4.mlp.fc2': 'bk_ghost', 'blocks.5.attn.q_proj': 'bk_ghost', 'blocks.5.attn.k_proj': 'bk_ghost', 'blocks.5.attn.v_proj': 'bk_ghost', 'blocks.5.attn.out_proj': 'bk_ghost', 'blocks.5.mlp.fc1': 'bk_ghost', 'blocks.5.mlp.fc2': 'bk_ghost', 'blocks.6.attn.q_proj': 'bk_ghost', 'blocks.6.attn.k_proj': 'bk_ghost', 'blocks.6.attn.v_proj': 'bk_ghost', 'blocks.6.attn.out_proj': 'bk_ghost', 'blocks.6.mlp.fc1': 'bk_ghost', 'blocks.6.mlp.fc2': 'bk_ghost', 'blocks.7.attn.q_proj': 'bk_ghost', 'blocks.7.attn.k_proj': 'bk_ghost', 'blocks.7.attn.v_proj': 'bk_ghost', 'blocks.7.attn.out_proj': 'bk_ghost', 'blocks.7.mlp.fc1': 'bk_ghost', 'blocks.7.mlp.fc2': 'bk_ghost', 'blocks.8.attn.q_proj': 'bk_ghost', 'blocks.8.attn.k_proj': 'bk_ghost', 'blocks.8.attn.v_proj': 'bk_ghost', 'blocks.8.attn.out_proj': 'bk_ghost', 'blocks.8.mlp.fc1': 'bk_ghost', 'blocks.8.mlp.fc2': 'bk_ghost', 'blocks.9.attn.q_proj': 'bk_ghost', 'blocks.9.attn.k_proj': 'bk_ghost', 'blocks.9.attn.v_proj': 'bk_ghost', 'blocks.9.attn.out_proj': 'bk_ghost', 'blocks.9.mlp.fc1': 'bk_ghost', 'blocks.9.mlp.fc2': 'bk_ghost', 'blocks.10.attn.q_proj': 'bk_ghost', 'blocks.10.attn.k_proj': 'bk_ghost', 'blocks.10.attn.v_proj': 'bk_ghost', 'blocks.10.attn.out_proj': 'bk_ghost', 'blocks.10.mlp.fc1': 'bk_ghost', 'blocks.10.mlp.fc2': 'bk_ghost', 'blocks.11.attn.q_proj': 'bk_ghost', 'blocks.11.attn.k_proj': 'bk_ghost', 'blocks.11.attn.v_proj': 'bk_ghost', 'blocks.11.attn.out_proj': 'bk_ghost', 'blocks.11.mlp.fc1': 'bk_ghost', 'blocks.11.mlp.fc2': 'bk_ghost', 'head': 'bk_ghost', 'blocks.0.norm1': 'identity_analytic', 'blocks.0.norm2': 'identity_analytic', 'blocks.1.norm1': 'identity_analytic', 'blocks.1.norm2': 'identity_analytic', 'blocks.2.norm1': 'identity_analytic', 'blocks.2.norm2': 'identity_analytic', 'blocks.3.norm1': 'identity_analytic', 'blocks.3.norm2': 'identity_analytic', 'blocks.4.norm1': 'identity_analytic', 'blocks.4.norm2': 'identity_analytic', 'blocks.5.norm1': 'identity_analytic', 'blocks.5.norm2': 'identity_analytic', 'blocks.6.norm1': 'identity_analytic', 'blocks.6.norm2': 'identity_analytic', 'blocks.7.norm1': 'identity_analytic', 'blocks.7.norm2': 'identity_analytic', 'blocks.8.norm1': 'identity_analytic', 'blocks.8.norm2': 'identity_analytic', 'blocks.9.norm1': 'identity_analytic', 'blocks.9.norm2': 'identity_analytic', 'blocks.10.norm1': 'identity_analytic', 'blocks.10.norm2': 'identity_analytic', 'blocks.11.norm1': 'identity_analytic', 'blocks.11.norm2': 'identity_analytic', 'norm': 'identity_analytic', 'cls_token': 'identity_direct', 'pos_embed': 'identity_direct'}",True,True,True,"['blocks.0.attn.k_proj', 'blocks.0.attn.out_proj', 'blocks.0.attn.q_proj', 'blocks.0.attn.v_proj', 'blocks.0.mlp.fc1', 'blocks.0.mlp.fc2', 'blocks.1.attn.k_proj', 'blocks.1.attn.out_proj', 'blocks.1.attn.q_proj', 'blocks.1.attn.v_proj', 'blocks.1.mlp.fc1', 'blocks.1.mlp.fc2', 'blocks.10.attn.k_proj', 'blocks.10.attn.out_proj', 'blocks.10.attn.q_proj', 'blocks.10.attn.v_proj', 'blocks.10.mlp.fc1', 'blocks.10.mlp.fc2', 'blocks.11.attn.k_proj', 'blocks.11.attn.out_proj', 'blocks.11.attn.q_proj', 'blocks.11.attn.v_proj', 'blocks.11.mlp.fc1', 'blocks.11.mlp.fc2', 'blocks.2.attn.k_proj', 'blocks.2.attn.out_proj', 'blocks.2.attn.q_proj', 'blocks.2.attn.v_proj', 'blocks.2.mlp.fc1', 'blocks.2.mlp.fc2', 'blocks.3.attn.k_proj', 'blocks.3.attn.out_proj', 'blocks.3.attn.q_proj', 'blocks.3.attn.v_proj', 'blocks.3.mlp.fc1', 'blocks.3.mlp.fc2', 'blocks.4.attn.k_proj', 'blocks.4.attn.out_proj', 'blocks.4.attn.q_proj', 'blocks.4.attn.v_proj', 'blocks.4.mlp.fc1', 'blocks.4.mlp.fc2', 'blocks.5.attn.k_proj', 'blocks.5.attn.out_proj', 'blocks.5.attn.q_proj', 'blocks.5.attn.v_proj', 'blocks.5.mlp.fc1', 'blocks.5.mlp.fc2', 'blocks.6.attn.k_proj', 'blocks.6.attn.out_proj', 'blocks.6.attn.q_proj', 'blocks.6.attn.v_proj', 'blocks.6.mlp.fc1', 'blocks.6.mlp.fc2', 'blocks.7.attn.k_proj', 'blocks.7.attn.out_proj', 'blocks.7.attn.q_proj', 'blocks.7.attn.v_proj', 'blocks.7.mlp.fc1', 'blocks.7.mlp.fc2', 'blocks.8.attn.k_proj', 'blocks.8.attn.out_proj', 'blocks.8.attn.q_proj', 'blocks.8.attn.v_proj', 'blocks.8.mlp.fc1', 'blocks.8.mlp.fc2', 'blocks.9.attn.k_proj', 'blocks.9.attn.out_proj', 'blocks.9.attn.q_proj', 'blocks.9.attn.v_proj', 'blocks.9.mlp.fc1', 'blocks.9.mlp.fc2', 'head', 'patch_embed']","['blocks.0.norm1', 'blocks.0.norm2', 'blocks.1.norm1', 'blocks.1.norm2', 'blocks.10.norm1', 'blocks.10.norm2', 'blocks.11.norm1', 'blocks.11.norm2', 'blocks.2.norm1', 'blocks.2.norm2', 'blocks.3.norm1', 'blocks.3.norm2', 'blocks.4.norm1', 'blocks.4.norm2', 'blocks.5.norm1', 'blocks.5.norm2', 'blocks.6.norm1', 'blocks.6.norm2', 'blocks.7.norm1', 'blocks.7.norm2', 'blocks.8.norm1', 'blocks.8.norm2', 'blocks.9.norm1', 'blocks.9.norm2', 'cls_token', 'norm', 'pos_embed']",5873656320,6461325312,10,10,0,0,2560,39839536,3356684.419853585,4800079.117492582,1.195828615045771,1.3147011878383426,4.081414594191291,15.519715536011045,18.59767229418444,0.15608355666919693,0.7573884676991887,1.362097123657301,2.0821005106766504,8.726717616668141,16.826108932495117,192.56112670898438,635.5587768554688,677.384765625,196.6147918701172,15.9585542678833,7.64469051361084,15.048174858093262,32.084564208984375,203.7757568359375,68.97907257080078,152.67083740234375,6.852134704589844,7.866142749786377,53.20534896850586,158.8697509765625,97.2909927368164,274.3871154785156,13.74600601196289,12.541969299316406,91.00552368164062,169.814453125,104.36528778076172,221.6306610107422,12.26362133026123,11.643942832946777,73.18699645996094,177.6553955078125,70.91455841064453,223.28274536132812,13.595287322998047,15.748176574707031,56.05915451049805,145.84268188476562,62.452735900878906,188.05691528320312,10.049627304077148,12.494693756103516,44.609275817871094,115.32404327392578,56.773502349853516,196.71566772460938,11.41841983795166,14.665518760681152,52.08327102661133,177.60556030273438,60.190494537353516,199.23394775390625,11.03829574584961,13.464877128601074,54.178428649902344,177.97714233398438,53.4923210144043,186.09071350097656,10.838665008544922,14.099661827087402,48.79737854003906,245.80825805664062,44.19644546508789,175.98753356933594,9.215330123901367,13.153154373168945,39.38368606567383,229.0130615234375,32.72460174560547,123.8690185546875,7.141780376434326,10.57393741607666,30.63587188720703,195.18016052246094,25.256322860717773,89.05848693847656,7.9849090576171875,10.791776657104492,25.457300186157227,167.3891143798828,21.809349060058594,103.70552825927734,195.966064453125,7.786759376525879,2.750314712524414,4.22445011138916,4.536247730255127,4.297184944152832,3.8824105262756348,3.7268178462982178,3.1839048862457275,3.503040313720703,2.7327654361724854,2.8870530128479004,2.3145368099212646,2.7986130714416504,2.024569272994995,2.3701882362365723,1.5467835664749146,2.732933521270752,1.3332775831222534,2.8247580528259277,2.016998291015625,2.650149345397949,1.8840758800506592,2.3324344158172607,1.0852906703948975,0.6745277643203735,5.01248836517334,1.2219163179397583
dp_kfc_a_bk,3407,2,0.4811733272595283,0.3830747215270996,0.8898,0.8898,0.8416,0.72021484375,2.5430233194134213,390,195,49920,0.753745973110199,0.3292526304721832,20.000328063964844,1595.67138671875,3086.61865234375,9781.779296875,2.469749881885946,222.36208336427808,224.83183324616402,0.8769480706858959,224.49870609558934,2.469749881885946,256,128,2,390,195,195,5351959552,78056448,0,True,"{'patch_embed': 'bk_ghost', 'blocks.0.attn.q_proj': 'bk_ghost', 'blocks.0.attn.k_proj': 'bk_ghost', 'blocks.0.attn.v_proj': 'bk_ghost', 'blocks.0.attn.out_proj': 'bk_ghost', 'blocks.0.mlp.fc1': 'bk_ghost', 'blocks.0.mlp.fc2': 'bk_ghost', 'blocks.1.attn.q_proj': 'bk_ghost', 'blocks.1.attn.k_proj': 'bk_ghost', 'blocks.1.attn.v_proj': 'bk_ghost', 'blocks.1.attn.out_proj': 'bk_ghost', 'blocks.1.mlp.fc1': 'bk_ghost', 'blocks.1.mlp.fc2': 'bk_ghost', 'blocks.2.attn.q_proj': 'bk_ghost', 'blocks.2.attn.k_proj': 'bk_ghost', 'blocks.2.attn.v_proj': 'bk_ghost', 'blocks.2.attn.out_proj': 'bk_ghost', 'blocks.2.mlp.fc1': 'bk_ghost', 'blocks.2.mlp.fc2': 'bk_ghost', 'blocks.3.attn.q_proj': 'bk_ghost', 'blocks.3.attn.k_proj': 'bk_ghost', 'blocks.3.attn.v_proj': 'bk_ghost', 'blocks.3.attn.out_proj': 'bk_ghost', 'blocks.3.mlp.fc1': 'bk_ghost', 'blocks.3.mlp.fc2': 'bk_ghost', 'blocks.4.attn.q_proj': 'bk_ghost', 'blocks.4.attn.k_proj': 'bk_ghost', 'blocks.4.attn.v_proj': 'bk_ghost', 'blocks.4.attn.out_proj': 'bk_ghost', 'blocks.4.mlp.fc1': 'bk_ghost', 'blocks.4.mlp.fc2': 'bk_ghost', 'blocks.5.attn.q_proj': 'bk_ghost', 'blocks.5.attn.k_proj': 'bk_ghost', 'blocks.5.attn.v_proj': 'bk_ghost', 'blocks.5.attn.out_proj': 'bk_ghost', 'blocks.5.mlp.fc1': 'bk_ghost', 'blocks.5.mlp.fc2': 'bk_ghost', 'blocks.6.attn.q_proj': 'bk_ghost', 'blocks.6.attn.k_proj': 'bk_ghost', 'blocks.6.attn.v_proj': 'bk_ghost', 'blocks.6.attn.out_proj': 'bk_ghost', 'blocks.6.mlp.fc1': 'bk_ghost', 'blocks.6.mlp.fc2': 'bk_ghost', 'blocks.7.attn.q_proj': 'bk_ghost', 'blocks.7.attn.k_proj': 'bk_ghost', 'blocks.7.attn.v_proj': 'bk_ghost', 'blocks.7.attn.out_proj': 'bk_ghost', 'blocks.7.mlp.fc1': 'bk_ghost', 'blocks.7.mlp.fc2': 'bk_ghost', 'blocks.8.attn.q_proj': 'bk_ghost', 'blocks.8.attn.k_proj': 'bk_ghost', 'blocks.8.attn.v_proj': 'bk_ghost', 'blocks.8.attn.out_proj': 'bk_ghost', 'blocks.8.mlp.fc1': 'bk_ghost', 'blocks.8.mlp.fc2': 'bk_ghost', 'blocks.9.attn.q_proj': 'bk_ghost', 'blocks.9.attn.k_proj': 'bk_ghost', 'blocks.9.attn.v_proj': 'bk_ghost', 'blocks.9.attn.out_proj': 'bk_ghost', 'blocks.9.mlp.fc1': 'bk_ghost', 'blocks.9.mlp.fc2': 'bk_ghost', 'blocks.10.attn.q_proj': 'bk_ghost', 'blocks.10.attn.k_proj': 'bk_ghost', 'blocks.10.attn.v_proj': 'bk_ghost', 'blocks.10.attn.out_proj': 'bk_ghost', 'blocks.10.mlp.fc1': 'bk_ghost', 'blocks.10.mlp.fc2': 'bk_ghost', 'blocks.11.attn.q_proj': 'bk_ghost', 'blocks.11.attn.k_proj': 'bk_ghost', 'blocks.11.attn.v_proj': 'bk_ghost', 'blocks.11.attn.out_proj': 'bk_ghost', 'blocks.11.mlp.fc1': 'bk_ghost', 'blocks.11.mlp.fc2': 'bk_ghost', 'head': 'bk_ghost', 'blocks.0.norm1': 'identity_analytic', 'blocks.0.norm2': 'identity_analytic', 'blocks.1.norm1': 'identity_analytic', 'blocks.1.norm2': 'identity_analytic', 'blocks.2.norm1': 'identity_analytic', 'blocks.2.norm2': 'identity_analytic', 'blocks.3.norm1': 'identity_analytic', 'blocks.3.norm2': 'identity_analytic', 'blocks.4.norm1': 'identity_analytic', 'blocks.4.norm2': 'identity_analytic', 'blocks.5.norm1': 'identity_analytic', 'blocks.5.norm2': 'identity_analytic', 'blocks.6.norm1': 'identity_analytic', 'blocks.6.norm2': 'identity_analytic', 'blocks.7.norm1': 'identity_analytic', 'blocks.7.norm2': 'identity_analytic', 'blocks.8.norm1': 'identity_analytic', 'blocks.8.norm2': 'identity_analytic', 'blocks.9.norm1': 'identity_analytic', 'blocks.9.norm2': 'identity_analytic', 'blocks.10.norm1': 'identity_analytic', 'blocks.10.norm2': 'identity_analytic', 'blocks.11.norm1': 'identity_analytic', 'blocks.11.norm2': 'identity_analytic', 'norm': 'identity_analytic', 'cls_token': 'identity_direct', 'pos_embed': 'identity_direct'}",True,True,True,"['blocks.0.attn.k_proj', 'blocks.0.attn.out_proj', 'blocks.0.attn.q_proj', 'blocks.0.attn.v_proj', 'blocks.0.mlp.fc1', 'blocks.0.mlp.fc2', 'blocks.1.attn.k_proj', 'blocks.1.attn.out_proj', 'blocks.1.attn.q_proj', 'blocks.1.attn.v_proj', 'blocks.1.mlp.fc1', 'blocks.1.mlp.fc2', 'blocks.10.attn.k_proj', 'blocks.10.attn.out_proj', 'blocks.10.attn.q_proj', 'blocks.10.attn.v_proj', 'blocks.10.mlp.fc1', 'blocks.10.mlp.fc2', 'blocks.11.attn.k_proj', 'blocks.11.attn.out_proj', 'blocks.11.attn.q_proj', 'blocks.11.attn.v_proj', 'blocks.11.mlp.fc1', 'blocks.11.mlp.fc2', 'blocks.2.attn.k_proj', 'blocks.2.attn.out_proj', 'blocks.2.attn.q_proj', 'blocks.2.attn.v_proj', 'blocks.2.mlp.fc1', 'blocks.2.mlp.fc2', 'blocks.3.attn.k_proj', 'blocks.3.attn.out_proj', 'blocks.3.attn.q_proj', 'blocks.3.attn.v_proj', 'blocks.3.mlp.fc1', 'blocks.3.mlp.fc2', 'blocks.4.attn.k_proj', 'blocks.4.attn.out_proj', 'blocks.4.attn.q_proj', 'blocks.4.attn.v_proj', 'blocks.4.mlp.fc1', 'blocks.4.mlp.fc2', 'blocks.5.attn.k_proj', 'blocks.5.attn.out_proj', 'blocks.5.attn.q_proj', 'blocks.5.attn.v_proj', 'blocks.5.mlp.fc1', 'blocks.5.mlp.fc2', 'blocks.6.attn.k_proj', 'blocks.6.attn.out_proj', 'blocks.6.attn.q_proj', 'blocks.6.attn.v_proj', 'blocks.6.mlp.fc1', 'blocks.6.mlp.fc2', 'blocks.7.attn.k_proj', 'blocks.7.attn.out_proj', 'blocks.7.attn.q_proj', 'blocks.7.attn.v_proj', 'blocks.7.mlp.fc1', 'blocks.7.mlp.fc2', 'blocks.8.attn.k_proj', 'blocks.8.attn.out_proj', 'blocks.8.attn.q_proj', 'blocks.8.attn.v_proj', 'blocks.8.mlp.fc1', 'blocks.8.mlp.fc2', 'blocks.9.attn.k_proj', 'blocks.9.attn.out_proj', 'blocks.9.attn.q_proj', 'blocks.9.attn.v_proj', 'blocks.9.mlp.fc1', 'blocks.9.mlp.fc2', 'head', 'patch_embed']","['blocks.0.norm1', 'blocks.0.norm2', 'blocks.1.norm1', 'blocks.1.norm2', 'blocks.10.norm1', 'blocks.10.norm2', 'blocks.11.norm1', 'blocks.11.norm2', 'blocks.2.norm1', 'blocks.2.norm2', 'blocks.3.norm1', 'blocks.3.norm2', 'blocks.4.norm1', 'blocks.4.norm2', 'blocks.5.norm1', 'blocks.5.norm2', 'blocks.6.norm1', 'blocks.6.norm2', 'blocks.7.norm1', 'blocks.7.norm2', 'blocks.8.norm1', 'blocks.8.norm2', 'blocks.9.norm1', 'blocks.9.norm2', 'cls_token', 'norm', 'pos_embed']",5874800640,7082082304,10,10,0,0,2560,39839536,3369672.262817976,4809683.079538205,1.1947152266615937,1.302644175789523,4.05954704581658,15.389524963227036,18.570206317254453,0.16085592705986898,0.7578431643980426,1.3652388591155633,2.0778792175884764,8.487339472467403,16.110639572143555,176.39077758789062,551.8991088867188,606.8510131835938,105.67788696289062,16.16915512084961,7.833836555480957,15.639970779418945,32.31217575073242,206.37191772460938,66.80038452148438,149.0921173095703,6.671347141265869,7.67840051651001,52.419551849365234,157.4963836669922,94.36021423339844,263.0926818847656,13.135953903198242,12.249972343444824,87.19950866699219,159.3563995361328,100.845947265625,207.42681884765625,11.42582893371582,11.080836296081543,69.54885864257812,173.43533325195312,67.22855377197266,205.77732849121094,12.440616607666016,14.696456909179688,54.052093505859375,145.1207275390625,58.79353713989258,183.07180786132812,8.916753768920898,11.612466812133789,40.439361572265625,107.49691772460938,49.69459533691406,180.1798553466797,9.529809951782227,12.715422630310059,46.88169860839844,160.706298828125,51.2706413269043,176.20895385742188,9.208404541015625,11.455446243286133,46.7724494934082,145.27081298828125,41.82383728027344,148.0764617919922,8.258788108825684,11.100750923156738,39.43218994140625,196.5491943359375,34.355628967285156,130.63864135742188,7.076878070831299,10.650701522827148,31.04473114013672,175.1797637939453,24.118579864501953,87.92842102050781,5.138852119445801,7.926393508911133,22.608652114868164,137.81597900390625,17.720903396606445,59.151248931884766,5.853266716003418,7.990933895111084,18.092670440673828,117.75115203857422,13.802833557128906,59.76863098144531,104.43357849121094,8.122750282287598,2.6446290016174316,4.139163494110107,4.312600612640381,4.2948126792907715,3.9793081283569336,3.780055522918701,3.430229425430298,3.395139217376709,2.747802972793579,2.659640312194824,2.1655821800231934,2.5106422901153564,1.7651153802871704,1.9812393188476562,1.2146793603897095,2.0657927989959717,1.0082578659057617,2.0081143379211426,1.415145754814148,1.7923990488052368,1.2105292081832886,1.489935040473938,0.5496315956115723,0.38501015305519104,4.972812175750732,1.2065881490707397
dp_kfc_a_bk,3407,3,0.35957841934301915,0.3463605684041977,0.911,0.911,1.742,0.72021484375,2.710864462544613,585,195,49920,0.5197716355323792,0.5539532899856567,1.2801587581634521,1490.8441162109375,3872.630615234375,11193.3623046875,2.475202802568674,221.68078662548214,224.15598942805082,0.8796432156722814,225.18866321210405,2.475202802568674,256,128,2,390,195,195,5351959552,78056448,0,True,"{'patch_embed': 'bk_ghost', 'blocks.0.attn.q_proj': 'bk_ghost', 'blocks.0.attn.k_proj': 'bk_ghost', 'blocks.0.attn.v_proj': 'bk_ghost', 'blocks.0.attn.out_proj': 'bk_ghost', 'blocks.0.mlp.fc1': 'bk_ghost', 'blocks.0.mlp.fc2': 'bk_ghost', 'blocks.1.attn.q_proj': 'bk_ghost', 'blocks.1.attn.k_proj': 'bk_ghost', 'blocks.1.attn.v_proj': 'bk_ghost', 'blocks.1.attn.out_proj': 'bk_ghost', 'blocks.1.mlp.fc1': 'bk_ghost', 'blocks.1.mlp.fc2': 'bk_ghost', 'blocks.2.attn.q_proj': 'bk_ghost', 'blocks.2.attn.k_proj': 'bk_ghost', 'blocks.2.attn.v_proj': 'bk_ghost', 'blocks.2.attn.out_proj': 'bk_ghost', 'blocks.2.mlp.fc1': 'bk_ghost', 'blocks.2.mlp.fc2': 'bk_ghost', 'blocks.3.attn.q_proj': 'bk_ghost', 'blocks.3.attn.k_proj': 'bk_ghost', 'blocks.3.attn.v_proj': 'bk_ghost', 'blocks.3.attn.out_proj': 'bk_ghost', 'blocks.3.mlp.fc1': 'bk_ghost', 'blocks.3.mlp.fc2': 'bk_ghost', 'blocks.4.attn.q_proj': 'bk_ghost', 'blocks.4.attn.k_proj': 'bk_ghost', 'blocks.4.attn.v_proj': 'bk_ghost', 'blocks.4.attn.out_proj': 'bk_ghost', 'blocks.4.mlp.fc1': 'bk_ghost', 'blocks.4.mlp.fc2': 'bk_ghost', 'blocks.5.attn.q_proj': 'bk_ghost', 'blocks.5.attn.k_proj': 'bk_ghost', 'blocks.5.attn.v_proj': 'bk_ghost', 'blocks.5.attn.out_proj': 'bk_ghost', 'blocks.5.mlp.fc1': 'bk_ghost', 'blocks.5.mlp.fc2': 'bk_ghost', 'blocks.6.attn.q_proj': 'bk_ghost', 'blocks.6.attn.k_proj': 'bk_ghost', 'blocks.6.attn.v_proj': 'bk_ghost', 'blocks.6.attn.out_proj': 'bk_ghost', 'blocks.6.mlp.fc1': 'bk_ghost', 'blocks.6.mlp.fc2': 'bk_ghost', 'blocks.7.attn.q_proj': 'bk_ghost', 'blocks.7.attn.k_proj': 'bk_ghost', 'blocks.7.attn.v_proj': 'bk_ghost', 'blocks.7.attn.out_proj': 'bk_ghost', 'blocks.7.mlp.fc1': 'bk_ghost', 'blocks.7.mlp.fc2': 'bk_ghost', 'blocks.8.attn.q_proj': 'bk_ghost', 'blocks.8.attn.k_proj': 'bk_ghost', 'blocks.8.attn.v_proj': 'bk_ghost', 'blocks.8.attn.out_proj': 'bk_ghost', 'blocks.8.mlp.fc1': 'bk_ghost', 'blocks.8.mlp.fc2': 'bk_ghost', 'blocks.9.attn.q_proj': 'bk_ghost', 'blocks.9.attn.k_proj': 'bk_ghost', 'blocks.9.attn.v_proj': 'bk_ghost', 'blocks.9.attn.out_proj': 'bk_ghost', 'blocks.9.mlp.fc1': 'bk_ghost', 'blocks.9.mlp.fc2': 'bk_ghost', 'blocks.10.attn.q_proj': 'bk_ghost', 'blocks.10.attn.k_proj': 'bk_ghost', 'blocks.10.attn.v_proj': 'bk_ghost', 'blocks.10.attn.out_proj': 'bk_ghost', 'blocks.10.mlp.fc1': 'bk_ghost', 'blocks.10.mlp.fc2': 'bk_ghost', 'blocks.11.attn.q_proj': 'bk_ghost', 'blocks.11.attn.k_proj': 'bk_ghost', 'blocks.11.attn.v_proj': 'bk_ghost', 'blocks.11.attn.out_proj': 'bk_ghost', 'blocks.11.mlp.fc1': 'bk_ghost', 'blocks.11.mlp.fc2': 'bk_ghost', 'head': 'bk_ghost', 'blocks.0.norm1': 'identity_analytic', 'blocks.0.norm2': 'identity_analytic', 'blocks.1.norm1': 'identity_analytic', 'blocks.1.norm2': 'identity_analytic', 'blocks.2.norm1': 'identity_analytic', 'blocks.2.norm2': 'identity_analytic', 'blocks.3.norm1': 'identity_analytic', 'blocks.3.norm2': 'identity_analytic', 'blocks.4.norm1': 'identity_analytic', 'blocks.4.norm2': 'identity_analytic', 'blocks.5.norm1': 'identity_analytic', 'blocks.5.norm2': 'identity_analytic', 'blocks.6.norm1': 'identity_analytic', 'blocks.6.norm2': 'identity_analytic', 'blocks.7.norm1': 'identity_analytic', 'blocks.7.norm2': 'identity_analytic', 'blocks.8.norm1': 'identity_analytic', 'blocks.8.norm2': 'identity_analytic', 'blocks.9.norm1': 'identity_analytic', 'blocks.9.norm2': 'identity_analytic', 'blocks.10.norm1': 'identity_analytic', 'blocks.10.norm2': 'identity_analytic', 'blocks.11.norm1': 'identity_analytic', 'blocks.11.norm2': 'identity_analytic', 'norm': 'identity_analytic', 'cls_token': 'identity_direct', 'pos_embed': 'identity_direct'}",True,True,True,"['blocks.0.attn.k_proj', 'blocks.0.attn.out_proj', 'blocks.0.attn.q_proj', 'blocks.0.attn.v_proj', 'blocks.0.mlp.fc1', 'blocks.0.mlp.fc2', 'blocks.1.attn.k_proj', 'blocks.1.attn.out_proj', 'blocks.1.attn.q_proj', 'blocks.1.attn.v_proj', 'blocks.1.mlp.fc1', 'blocks.1.mlp.fc2', 'blocks.10.attn.k_proj', 'blocks.10.attn.out_proj', 'blocks.10.attn.q_proj', 'blocks.10.attn.v_proj', 'blocks.10.mlp.fc1', 'blocks.10.mlp.fc2', 'blocks.11.attn.k_proj', 'blocks.11.attn.out_proj', 'blocks.11.attn.q_proj', 'blocks.11.attn.v_proj', 'blocks.11.mlp.fc1', 'blocks.11.mlp.fc2', 'blocks.2.attn.k_proj', 'blocks.2.attn.out_proj', 'blocks.2.attn.q_proj', 'blocks.2.attn.v_proj', 'blocks.2.mlp.fc1', 'blocks.2.mlp.fc2', 'blocks.3.attn.k_proj', 'blocks.3.attn.out_proj', 'blocks.3.attn.q_proj', 'blocks.3.attn.v_proj', 'blocks.3.mlp.fc1', 'blocks.3.mlp.fc2', 'blocks.4.attn.k_proj', 'blocks.4.attn.out_proj', 'blocks.4.attn.q_proj', 'blocks.4.attn.v_proj', 'blocks.4.mlp.fc1', 'blocks.4.mlp.fc2', 'blocks.5.attn.k_proj', 'blocks.5.attn.out_proj', 'blocks.5.attn.q_proj', 'blocks.5.attn.v_proj', 'blocks.5.mlp.fc1', 'blocks.5.mlp.fc2', 'blocks.6.attn.k_proj', 'blocks.6.attn.out_proj', 'blocks.6.attn.q_proj', 'blocks.6.attn.v_proj', 'blocks.6.mlp.fc1', 'blocks.6.mlp.fc2', 'blocks.7.attn.k_proj', 'blocks.7.attn.out_proj', 'blocks.7.attn.q_proj', 'blocks.7.attn.v_proj', 'blocks.7.mlp.fc1', 'blocks.7.mlp.fc2', 'blocks.8.attn.k_proj', 'blocks.8.attn.out_proj', 'blocks.8.attn.q_proj', 'blocks.8.attn.v_proj', 'blocks.8.mlp.fc1', 'blocks.8.mlp.fc2', 'blocks.9.attn.k_proj', 'blocks.9.attn.out_proj', 'blocks.9.attn.q_proj', 'blocks.9.attn.v_proj', 'blocks.9.mlp.fc1', 'blocks.9.mlp.fc2', 'head', 'patch_embed']","['blocks.0.norm1', 'blocks.0.norm2', 'blocks.1.norm1', 'blocks.1.norm2', 'blocks.10.norm1', 'blocks.10.norm2', 'blocks.11.norm1', 'blocks.11.norm2', 'blocks.2.norm1', 'blocks.2.norm2', 'blocks.3.norm1', 'blocks.3.norm2', 'blocks.4.norm1', 'blocks.4.norm2', 'blocks.5.norm1', 'blocks.5.norm2', 'blocks.6.norm1', 'blocks.6.norm2', 'blocks.7.norm1', 'blocks.7.norm2', 'blocks.8.norm1', 'blocks.8.norm2', 'blocks.9.norm1', 'blocks.9.norm2', 'cls_token', 'norm', 'pos_embed']",5874800640,7088373760,10,10,0,0,2560,39839536,3382869.7604630576,4821535.817900919,1.1938508136286374,1.2958913961709113,4.0256965378569864,15.243537088201387,18.529586773692216,0.16650540383647242,0.7599597991261342,1.3663356237636695,2.0784622062065803,8.2059536344272,18.301715850830078,197.1394500732422,603.2136840820312,676.396240234375,86.82257843017578,18.949106216430664,8.968522071838379,17.907398223876953,37.62023162841797,241.35552978515625,74.9927978515625,168.80853271484375,7.575765609741211,8.75960922241211,59.53886032104492,180.37811279296875,107.28277587890625,295.9488220214844,14.766778945922852,13.86917781829834,98.1467056274414,179.59449768066406,113.08457946777344,231.8836669921875,12.745138168334961,12.560737609863281,77.88330841064453,197.5049591064453,75.79615783691406,235.90011596679688,13.821243286132812,16.491252899169922,62.38688278198242,167.5431365966797,67.65840148925781,211.8924102783203,10.066914558410645,13.301316261291504,46.450279235839844,124.73466491699219,56.321102142333984,207.4165802001953,10.664090156555176,14.346514701843262,53.398441314697266,182.21336364746094,56.61655807495117,195.88973999023438,10.162650108337402,12.704554557800293,51.62784957885742,157.5249786376953,44.474876403808594,155.48098754882812,8.547367095947266,11.605549812316895,41.43155288696289,203.4408416748047,35.5118522644043,132.97705078125,7.3985700607299805,11.301444053649902,31.508514404296875,174.36102294921875,23.90860939025879,85.42737579345703,5.224355697631836,8.160599708557129,22.224092483520508,132.01380920410156,17.322738647460938,54.084964752197266,5.79883337020874,7.7929182052612305,16.296579360961914,104.6551742553711,12.286136627197266,52.48107147216797,84.7295150756836,9.316405296325684,3.0309674739837646,4.772836685180664,4.892093658447266,4.895330429077148,4.57428503036499,4.3089399337768555,3.967292070388794,3.931227922439575,3.179811716079712,3.0297398567199707,2.5098655223846436,2.869602680206299,1.9703181982040405,2.1750030517578125,1.3018724918365479,2.145900011062622,1.0403856039047241,2.017230272293091,1.403049349784851,1.7278095483779907,1.2231063842773438,1.360680103302002,0.4809728264808655,0.32687240839004517,5.757999897003174,1.3878040313720703
dp_kfc_a_bk,3407,4,0.3342791777772781,0.32658759112358093,0.9194,0.9194,2.6572,0.72021484375,2.8599779044555476,780,195,49920,0.40835335850715637,0.6521323323249817,0.2904353141784668,1174.13330078125,4408.9208984375,13049.806640625,2.4650751063600183,221.32864719163626,223.79372229799628,0.8810427501106997,225.5469440283391,2.4650751063600183,256,128,2,390,195,195,5351959552,78056448,0,True,"{'patch_embed': 'bk_ghost', 'blocks.0.attn.q_proj': 'bk_ghost', 'blocks.0.attn.k_proj': 'bk_ghost', 'blocks.0.attn.v_proj': 'bk_ghost', 'blocks.0.attn.out_proj': 'bk_ghost', 'blocks.0.mlp.fc1': 'bk_ghost', 'blocks.0.mlp.fc2': 'bk_ghost', 'blocks.1.attn.q_proj': 'bk_ghost', 'blocks.1.attn.k_proj': 'bk_ghost', 'blocks.1.attn.v_proj': 'bk_ghost', 'blocks.1.attn.out_proj': 'bk_ghost', 'blocks.1.mlp.fc1': 'bk_ghost', 'blocks.1.mlp.fc2': 'bk_ghost', 'blocks.2.attn.q_proj': 'bk_ghost', 'blocks.2.attn.k_proj': 'bk_ghost', 'blocks.2.attn.v_proj': 'bk_ghost', 'blocks.2.attn.out_proj': 'bk_ghost', 'blocks.2.mlp.fc1': 'bk_ghost', 'blocks.2.mlp.fc2': 'bk_ghost', 'blocks.3.attn.q_proj': 'bk_ghost', 'blocks.3.attn.k_proj': 'bk_ghost', 'blocks.3.attn.v_proj': 'bk_ghost', 'blocks.3.attn.out_proj': 'bk_ghost', 'blocks.3.mlp.fc1': 'bk_ghost', 'blocks.3.mlp.fc2': 'bk_ghost', 'blocks.4.attn.q_proj': 'bk_ghost', 'blocks.4.attn.k_proj': 'bk_ghost', 'blocks.4.attn.v_proj': 'bk_ghost', 'blocks.4.attn.out_proj': 'bk_ghost', 'blocks.4.mlp.fc1': 'bk_ghost', 'blocks.4.mlp.fc2': 'bk_ghost', 'blocks.5.attn.q_proj': 'bk_ghost', 'blocks.5.attn.k_proj': 'bk_ghost', 'blocks.5.attn.v_proj': 'bk_ghost', 'blocks.5.attn.out_proj': 'bk_ghost', 'blocks.5.mlp.fc1': 'bk_ghost', 'blocks.5.mlp.fc2': 'bk_ghost', 'blocks.6.attn.q_proj': 'bk_ghost', 'blocks.6.attn.k_proj': 'bk_ghost', 'blocks.6.attn.v_proj': 'bk_ghost', 'blocks.6.attn.out_proj': 'bk_ghost', 'blocks.6.mlp.fc1': 'bk_ghost', 'blocks.6.mlp.fc2': 'bk_ghost', 'blocks.7.attn.q_proj': 'bk_ghost', 'blocks.7.attn.k_proj': 'bk_ghost', 'blocks.7.attn.v_proj': 'bk_ghost', 'blocks.7.attn.out_proj': 'bk_ghost', 'blocks.7.mlp.fc1': 'bk_ghost', 'blocks.7.mlp.fc2': 'bk_ghost', 'blocks.8.attn.q_proj': 'bk_ghost', 'blocks.8.attn.k_proj': 'bk_ghost', 'blocks.8.attn.v_proj': 'bk_ghost', 'blocks.8.attn.out_proj': 'bk_ghost', 'blocks.8.mlp.fc1': 'bk_ghost', 'blocks.8.mlp.fc2': 'bk_ghost', 'blocks.9.attn.q_proj': 'bk_ghost', 'blocks.9.attn.k_proj': 'bk_ghost', 'blocks.9.attn.v_proj': 'bk_ghost', 'blocks.9.attn.out_proj': 'bk_ghost', 'blocks.9.mlp.fc1': 'bk_ghost', 'blocks.9.mlp.fc2': 'bk_ghost', 'blocks.10.attn.q_proj': 'bk_ghost', 'blocks.10.attn.k_proj': 'bk_ghost', 'blocks.10.attn.v_proj': 'bk_ghost', 'blocks.10.attn.out_proj': 'bk_ghost', 'blocks.10.mlp.fc1': 'bk_ghost', 'blocks.10.mlp.fc2': 'bk_ghost', 'blocks.11.attn.q_proj': 'bk_ghost', 'blocks.11.attn.k_proj': 'bk_ghost', 'blocks.11.attn.v_proj': 'bk_ghost', 'blocks.11.attn.out_proj': 'bk_ghost', 'blocks.11.mlp.fc1': 'bk_ghost', 'blocks.11.mlp.fc2': 'bk_ghost', 'head': 'bk_ghost', 'blocks.0.norm1': 'identity_analytic', 'blocks.0.norm2': 'identity_analytic', 'blocks.1.norm1': 'identity_analytic', 'blocks.1.norm2': 'identity_analytic', 'blocks.2.norm1': 'identity_analytic', 'blocks.2.norm2': 'identity_analytic', 'blocks.3.norm1': 'identity_analytic', 'blocks.3.norm2': 'identity_analytic', 'blocks.4.norm1': 'identity_analytic', 'blocks.4.norm2': 'identity_analytic', 'blocks.5.norm1': 'identity_analytic', 'blocks.5.norm2': 'identity_analytic', 'blocks.6.norm1': 'identity_analytic', 'blocks.6.norm2': 'identity_analytic', 'blocks.7.norm1': 'identity_analytic', 'blocks.7.norm2': 'identity_analytic', 'blocks.8.norm1': 'identity_analytic', 'blocks.8.norm2': 'identity_analytic', 'blocks.9.norm1': 'identity_analytic', 'blocks.9.norm2': 'identity_analytic', 'blocks.10.norm1': 'identity_analytic', 'blocks.10.norm2': 'identity_analytic', 'blocks.11.norm1': 'identity_analytic', 'blocks.11.norm2': 'identity_analytic', 'norm': 'identity_analytic', 'cls_token': 'identity_direct', 'pos_embed': 'identity_direct'}",True,True,True,"['blocks.0.attn.k_proj', 'blocks.0.attn.out_proj', 'blocks.0.attn.q_proj', 'blocks.0.attn.v_proj', 'blocks.0.mlp.fc1', 'blocks.0.mlp.fc2', 'blocks.1.attn.k_proj', 'blocks.1.attn.out_proj', 'blocks.1.attn.q_proj', 'blocks.1.attn.v_proj', 'blocks.1.mlp.fc1', 'blocks.1.mlp.fc2', 'blocks.10.attn.k_proj', 'blocks.10.attn.out_proj', 'blocks.10.attn.q_proj', 'blocks.10.attn.v_proj', 'blocks.10.mlp.fc1', 'blocks.10.mlp.fc2', 'blocks.11.attn.k_proj', 'blocks.11.attn.out_proj', 'blocks.11.attn.q_proj', 'blocks.11.attn.v_proj', 'blocks.11.mlp.fc1', 'blocks.11.mlp.fc2', 'blocks.2.attn.k_proj', 'blocks.2.attn.out_proj', 'blocks.2.attn.q_proj', 'blocks.2.attn.v_proj', 'blocks.2.mlp.fc1', 'blocks.2.mlp.fc2', 'blocks.3.attn.k_proj', 'blocks.3.attn.out_proj', 'blocks.3.attn.q_proj', 'blocks.3.attn.v_proj', 'blocks.3.mlp.fc1', 'blocks.3.mlp.fc2', 'blocks.4.attn.k_proj', 'blocks.4.attn.out_proj', 'blocks.4.attn.q_proj', 'blocks.4.attn.v_proj', 'blocks.4.mlp.fc1', 'blocks.4.mlp.fc2', 'blocks.5.attn.k_proj', 'blocks.5.attn.out_proj', 'blocks.5.attn.q_proj', 'blocks.5.attn.v_proj', 'blocks.5.mlp.fc1', 'blocks.5.mlp.fc2', 'blocks.6.attn.k_proj', 'blocks.6.attn.out_proj', 'blocks.6.attn.q_proj', 'blocks.6.attn.v_proj', 'blocks.6.mlp.fc1', 'blocks.6.mlp.fc2', 'blocks.7.attn.k_proj', 'blocks.7.attn.out_proj', 'blocks.7.attn.q_proj', 'blocks.7.attn.v_proj', 'blocks.7.mlp.fc1', 'blocks.7.mlp.fc2', 'blocks.8.attn.k_proj', 'blocks.8.attn.out_proj', 'blocks.8.attn.q_proj', 'blocks.8.attn.v_proj', 'blocks.8.mlp.fc1', 'blocks.8.mlp.fc2', 'blocks.9.attn.k_proj', 'blocks.9.attn.out_proj', 'blocks.9.attn.q_proj', 'blocks.9.attn.v_proj', 'blocks.9.mlp.fc1', 'blocks.9.mlp.fc2', 'head', 'patch_embed']","['blocks.0.norm1', 'blocks.0.norm2', 'blocks.1.norm1', 'blocks.1.norm2', 'blocks.10.norm1', 'blocks.10.norm2', 'blocks.11.norm1', 'blocks.11.norm2', 'blocks.2.norm1', 'blocks.2.norm2', 'blocks.3.norm1', 'blocks.3.norm2', 'blocks.4.norm1', 'blocks.4.norm2', 'blocks.5.norm1', 'blocks.5.norm2', 'blocks.6.norm1', 'blocks.6.norm2', 'blocks.7.norm1', 'blocks.7.norm2', 'blocks.8.norm1', 'blocks.8.norm2', 'blocks.9.norm1', 'blocks.9.norm2', 'cls_token', 'norm', 'pos_embed']",5875682816,7088373760,10,10,0,0,2560,39839536,3388987.599085932,4827052.041630015,1.193454869209223,1.2939818709428,4.009304311311528,15.19331591427759,18.510693244487715,0.16836148306691048,0.7610318917029029,1.3662147643389517,2.081436027020723,8.114770311188032,19.740612030029297,212.04718017578125,649.6889038085938,729.6829223632812,82.18717956542969,21.270219802856445,9.657930374145508,19.019580841064453,42.00365447998047,274.63690185546875,81.3355941772461,182.37147521972656,8.284231185913086,9.55947208404541,64.45733642578125,195.81907653808594,114.97371673583984,318.0615539550781,15.818511962890625,14.984564781188965,105.1816177368164,193.81796264648438,120.83990478515625,252.52293395996094,13.798789978027344,13.710550308227539,83.19628143310547,212.6095733642578,81.67878723144531,256.5588073730469,14.996121406555176,17.941913604736328,68.18501281738281,182.85235595703125,73.75142669677734,232.7545166015625,10.957497596740723,14.529159545898438,50.66490936279297,136.94065856933594,61.56670379638672,227.68492126464844,11.587514877319336,15.625062942504883,57.94657897949219,199.57452392578125,60.891090393066406,210.72793579101562,10.938271522521973,13.719891548156738,55.45372009277344,169.5219268798828,47.07083511352539,164.08584594726562,8.980693817138672,12.244389533996582,43.68689727783203,213.30892944335938,37.07094955444336,138.6292266845703,7.835970878601074,12.03228759765625,32.653656005859375,178.36953735351562,24.459226608276367,87.02915954589844,5.479316711425781,8.54731273651123,22.794654846191406,132.45138549804688,17.68085479736328,54.115325927734375,5.958897113800049,7.884315490722656,15.708539009094238,99.70851135253906,11.960582733154297,51.66094207763672,79.38709259033203,9.961138725280762,3.315009117126465,5.155904769897461,5.266219139099121,5.2652058601379395,4.943144798278809,4.623105525970459,4.273244380950928,4.314499855041504,3.4486279487609863,3.30340838432312,2.7383100986480713,3.138439416885376,2.1381914615631104,2.347522497177124,1.3957152366638184,2.26576828956604,1.0918776988983154,2.101738214492798,1.4730156660079956,1.7621660232543945,1.2771472930908203,1.3478351831436157,0.4652388393878937,0.3100684583187103,6.363460063934326,1.5163880586624146
dp_kfc_a_bk,3407,5,0.3170899119132604,0.3167009722083807,0.9262,0.9262,3.58,0.72021484375,2.9959030525484205,975,195,49920,0.3480168282985687,0.7026297450065613,0.11093243211507797,860.6547241210938,4807.5185546875,12185.41796875,2.4585133800283074,222.67544854339212,225.13396192342043,0.8757139652151679,224.18277509508297,2.4585133800283074,256,128,2,390,195,195,5351959552,78056448,0,True,"{'patch_embed': 'bk_ghost', 'blocks.0.attn.q_proj': 'bk_ghost', 'blocks.0.attn.k_proj': 'bk_ghost', 'blocks.0.attn.v_proj': 'bk_ghost', 'blocks.0.attn.out_proj': 'bk_ghost', 'blocks.0.mlp.fc1': 'bk_ghost', 'blocks.0.mlp.fc2': 'bk_ghost', 'blocks.1.attn.q_proj': 'bk_ghost', 'blocks.1.attn.k_proj': 'bk_ghost', 'blocks.1.attn.v_proj': 'bk_ghost', 'blocks.1.attn.out_proj': 'bk_ghost', 'blocks.1.mlp.fc1': 'bk_ghost', 'blocks.1.mlp.fc2': 'bk_ghost', 'blocks.2.attn.q_proj': 'bk_ghost', 'blocks.2.attn.k_proj': 'bk_ghost', 'blocks.2.attn.v_proj': 'bk_ghost', 'blocks.2.attn.out_proj': 'bk_ghost', 'blocks.2.mlp.fc1': 'bk_ghost', 'blocks.2.mlp.fc2': 'bk_ghost', 'blocks.3.attn.q_proj': 'bk_ghost', 'blocks.3.attn.k_proj': 'bk_ghost', 'blocks.3.attn.v_proj': 'bk_ghost', 'blocks.3.attn.out_proj': 'bk_ghost', 'blocks.3.mlp.fc1': 'bk_ghost', 'blocks.3.mlp.fc2': 'bk_ghost', 'blocks.4.attn.q_proj': 'bk_ghost', 'blocks.4.attn.k_proj': 'bk_ghost', 'blocks.4.attn.v_proj': 'bk_ghost', 'blocks.4.attn.out_proj': 'bk_ghost', 'blocks.4.mlp.fc1': 'bk_ghost', 'blocks.4.mlp.fc2': 'bk_ghost', 'blocks.5.attn.q_proj': 'bk_ghost', 'blocks.5.attn.k_proj': 'bk_ghost', 'blocks.5.attn.v_proj': 'bk_ghost', 'blocks.5.attn.out_proj': 'bk_ghost', 'blocks.5.mlp.fc1': 'bk_ghost', 'blocks.5.mlp.fc2': 'bk_ghost', 'blocks.6.attn.q_proj': 'bk_ghost', 'blocks.6.attn.k_proj': 'bk_ghost', 'blocks.6.attn.v_proj': 'bk_ghost', 'blocks.6.attn.out_proj': 'bk_ghost', 'blocks.6.mlp.fc1': 'bk_ghost', 'blocks.6.mlp.fc2': 'bk_ghost', 'blocks.7.attn.q_proj': 'bk_ghost', 'blocks.7.attn.k_proj': 'bk_ghost', 'blocks.7.attn.v_proj': 'bk_ghost', 'blocks.7.attn.out_proj': 'bk_ghost', 'blocks.7.mlp.fc1': 'bk_ghost', 'blocks.7.mlp.fc2': 'bk_ghost', 'blocks.8.attn.q_proj': 'bk_ghost', 'blocks.8.attn.k_proj': 'bk_ghost', 'blocks.8.attn.v_proj': 'bk_ghost', 'blocks.8.attn.out_proj': 'bk_ghost', 'blocks.8.mlp.fc1': 'bk_ghost', 'blocks.8.mlp.fc2': 'bk_ghost', 'blocks.9.attn.q_proj': 'bk_ghost', 'blocks.9.attn.k_proj': 'bk_ghost', 'blocks.9.attn.v_proj': 'bk_ghost', 'blocks.9.attn.out_proj': 'bk_ghost', 'blocks.9.mlp.fc1': 'bk_ghost', 'blocks.9.mlp.fc2': 'bk_ghost', 'blocks.10.attn.q_proj': 'bk_ghost', 'blocks.10.attn.k_proj': 'bk_ghost', 'blocks.10.attn.v_proj': 'bk_ghost', 'blocks.10.attn.out_proj': 'bk_ghost', 'blocks.10.mlp.fc1': 'bk_ghost', 'blocks.10.mlp.fc2': 'bk_ghost', 'blocks.11.attn.q_proj': 'bk_ghost', 'blocks.11.attn.k_proj': 'bk_ghost', 'blocks.11.attn.v_proj': 'bk_ghost', 'blocks.11.attn.out_proj': 'bk_ghost', 'blocks.11.mlp.fc1': 'bk_ghost', 'blocks.11.mlp.fc2': 'bk_ghost', 'head': 'bk_ghost', 'blocks.0.norm1': 'identity_analytic', 'blocks.0.norm2': 'identity_analytic', 'blocks.1.norm1': 'identity_analytic', 'blocks.1.norm2': 'identity_analytic', 'blocks.2.norm1': 'identity_analytic', 'blocks.2.norm2': 'identity_analytic', 'blocks.3.norm1': 'identity_analytic', 'blocks.3.norm2': 'identity_analytic', 'blocks.4.norm1': 'identity_analytic', 'blocks.4.norm2': 'identity_analytic', 'blocks.5.norm1': 'identity_analytic', 'blocks.5.norm2': 'identity_analytic', 'blocks.6.norm1': 'identity_analytic', 'blocks.6.norm2': 'identity_analytic', 'blocks.7.norm1': 'identity_analytic', 'blocks.7.norm2': 'identity_analytic', 'blocks.8.norm1': 'identity_analytic', 'blocks.8.norm2': 'identity_analytic', 'blocks.9.norm1': 'identity_analytic', 'blocks.9.norm2': 'identity_analytic', 'blocks.10.norm1': 'identity_analytic', 'blocks.10.norm2': 'identity_analytic', 'blocks.11.norm1': 'identity_analytic', 'blocks.11.norm2': 'identity_analytic', 'norm': 'identity_analytic', 'cls_token': 'identity_direct', 'pos_embed': 'identity_direct'}",True,True,True,"['blocks.0.attn.k_proj', 'blocks.0.attn.out_proj', 'blocks.0.attn.q_proj', 'blocks.0.attn.v_proj', 'blocks.0.mlp.fc1', 'blocks.0.mlp.fc2', 'blocks.1.attn.k_proj', 'blocks.1.attn.out_proj', 'blocks.1.attn.q_proj', 'blocks.1.attn.v_proj', 'blocks.1.mlp.fc1', 'blocks.1.mlp.fc2', 'blocks.10.attn.k_proj', 'blocks.10.attn.out_proj', 'blocks.10.attn.q_proj', 'blocks.10.attn.v_proj', 'blocks.10.mlp.fc1', 'blocks.10.mlp.fc2', 'blocks.11.attn.k_proj', 'blocks.11.attn.out_proj', 'blocks.11.attn.q_proj', 'blocks.11.attn.v_proj', 'blocks.11.mlp.fc1', 'blocks.11.mlp.fc2', 'blocks.2.attn.k_proj', 'blocks.2.attn.out_proj', 'blocks.2.attn.q_proj', 'blocks.2.attn.v_proj', 'blocks.2.mlp.fc1', 'blocks.2.mlp.fc2', 'blocks.3.attn.k_proj', 'blocks.3.attn.out_proj', 'blocks.3.attn.q_proj', 'blocks.3.attn.v_proj', 'blocks.3.mlp.fc1', 'blocks.3.mlp.fc2', 'blocks.4.attn.k_proj', 'blocks.4.attn.out_proj', 'blocks.4.attn.q_proj', 'blocks.4.attn.v_proj', 'blocks.4.mlp.fc1', 'blocks.4.mlp.fc2', 'blocks.5.attn.k_proj', 'blocks.5.attn.out_proj', 'blocks.5.attn.q_proj', 'blocks.5.attn.v_proj', 'blocks.5.mlp.fc1', 'blocks.5.mlp.fc2', 'blocks.6.attn.k_proj', 'blocks.6.attn.out_proj', 'blocks.6.attn.q_proj', 'blocks.6.attn.v_proj', 'blocks.6.mlp.fc1', 'blocks.6.mlp.fc2', 'blocks.7.attn.k_proj', 'blocks.7.attn.out_proj', 'blocks.7.attn.q_proj', 'blocks.7.attn.v_proj', 'blocks.7.mlp.fc1', 'blocks.7.mlp.fc2', 'blocks.8.attn.k_proj', 'blocks.8.attn.out_proj', 'blocks.8.attn.q_proj', 'blocks.8.attn.v_proj', 'blocks.8.mlp.fc1', 'blocks.8.mlp.fc2', 'blocks.9.attn.k_proj', 'blocks.9.attn.out_proj', 'blocks.9.attn.q_proj', 'blocks.9.attn.v_proj', 'blocks.9.mlp.fc1', 'blocks.9.mlp.fc2', 'head', 'patch_embed']","['blocks.0.norm1', 'blocks.0.norm2', 'blocks.1.norm1', 'blocks.1.norm2', 'blocks.10.norm1', 'blocks.10.norm2', 'blocks.11.norm1', 'blocks.11.norm2', 'blocks.2.norm1', 'blocks.2.norm2', 'blocks.3.norm1', 'blocks.3.norm2', 'blocks.4.norm1', 'blocks.4.norm2', 'blocks.5.norm1', 'blocks.5.norm2', 'blocks.6.norm1', 'blocks.6.norm2', 'blocks.7.norm1', 'blocks.7.norm2', 'blocks.8.norm1', 'blocks.8.norm2', 'blocks.9.norm1', 'blocks.9.norm2', 'cls_token', 'norm', 'pos_embed']",5875682816,7088373760,10,10,0,0,2560,39839536,3377621.393978079,4819338.364428149,1.1945056990407337,1.3019597876403421,4.0349982619524685,15.294942692603419,18.554593308822508,0.16481100235906107,0.7600532944302351,1.365000467062986,2.0834392768993815,8.282216887979143,20.868595123291016,225.65396118164062,686.9365234375,774.3272705078125,81.03565216064453,23.0252685546875,10.22407341003418,20.123098373413086,45.13862609863281,292.2176818847656,85.32514953613281,192.06910705566406,8.81985092163086,10.203709602355957,68.29289245605469,207.0012969970703,120.80488586425781,330.8907165527344,16.698944091796875,15.748689651489258,111.53147888183594,205.12062072753906,126.67524719238281,269.3312072753906,14.631155014038086,14.53514289855957,87.73523712158203,225.1996307373047,86.80335998535156,274.91705322265625,15.911117553710938,19.030006408691406,72.73616790771484,196.61485290527344,78.64881134033203,250.1654510498047,11.755044937133789,15.558738708496094,54.518768310546875,148.30162048339844,66.78446197509766,248.08331298828125,12.540365219116211,16.889141082763672,62.94911193847656,214.8634796142578,65.49347686767578,224.7616729736328,11.823036193847656,14.851887702941895,59.56618118286133,180.14736938476562,50.132301330566406,172.58395385742188,9.52804183959961,13.01343059539795,46.586524963378906,222.97291564941406,39.30690383911133,146.42324829101562,8.338841438293457,12.851109504699707,34.28404998779297,184.1007537841797,25.389423370361328,89.98804473876953,5.7948222160339355,9.061067581176758,23.75347900390625,134.5843048095703,18.27913475036621,54.189022064208984,6.207127094268799,8.166707992553711,15.501920700073242,99.29034423828125,11.905613899230957,51.0888671875,77.6956558227539,10.58967399597168,3.525205373764038,5.487369060516357,5.548007488250732,5.5808210372924805,5.193320274353027,4.797154426574707,4.447239398956299,4.577934265136719,3.622683525085449,3.4956843852996826,2.9030587673187256,3.3120908737182617,2.24597430229187,2.4767937660217285,1.4688160419464111,2.3398749828338623,1.1336650848388672,2.1669869422912598,1.5389070510864258,1.7986761331558228,1.3238555192947388,1.3517361879348755,0.4574393630027771,0.2983616590499878,6.818820953369141,1.6317496299743652
